24 45 72 72 6f 72 41 63  74 69 6f 6e 50 72 65 66
65 72 65 6e 63 65 20 3d  20 22 53 74 6f 70 22 0d
0a 0d 0a 24 72 65 70 6f  52 6f 6f 74 20 3d 20 53
70 6c 69 74 2d 50 61 74  68 20 2d 50 61 72 65 6e
74 20 24 50 53 53 63 72  69 70 74 52 6f 6f 74 0d
0a 53 65 74 2d 4c 6f 63  61 74 69 6f 6e 20 24 72
65 70 6f 52 6f 6f 74 0d  0a 0d 0a 66 75 6e 63 74
69 6f 6e 20 49 6e 69 74  69 61 6c 69 7a 65 2d 4e
6f 64 65 50 61 74 68 20  7b 0d 0a 20 20 20 20 69
66 20 28 47 65 74 2d 43  6f 6d 6d 61 6e 64 20 6e
6f 64 65 20 2d 45 72 72  6f 72 41 63 74 69 6f 6e
20 53 69 6c 65 6e 74 6c  79 43 6f 6e 74 69 6e 75
65 29 20 7b 0d 0a 20 20  20 20 20 20 20 20 72 65
74 75 72 6e 0d 0a 20 20  20 20 7d 0d 0a 0d 0a 20
20 20 20 24 6e 6f 64 65  43 61 6e 64 69 64 61 74
65 73 20 3d 20 40 28 0d  0a 20 20 20 20 20 20 20
20 28 4a 6f 69 6e 2d 50  61 74 68 20 24 65 6e 76
3a 50 72 6f 67 72 61 6d  46 69 6c 65 73 20 27 6e
6f 64 65 6a 73 5c 6e 6f  64 65 2e 65 78 65 27 29
2c 0d 0a 20 20 20 20 20  20 20 20 28 4a 6f 69 6e
2d 50 61 74 68 20 24 7b  65 6e 76 3a 50 72 6f 67
72 61 6d 46 69 6c 65 73  28 78 38 36 29 7d 20 27
6e 6f 64 65 6a 73 5c 6e  6f 64 65 2e 65 78 65 27
29 0d 0a 20 20 20 20 29  0d 0a 0d 0a 20 20 20 20
66 6f 72 65 61 63 68 20  28 24 6e 6f 64 65 50 61
74 68 20 69 6e 20 24 6e  6f 64 65 43 61 6e 64 69
64 61 74 65 73 29 20 7b  0d 0a 20 20 20 20 20 20
20 20 69 66 20 28 24 6e  6f 64 65 50 61 74 68 20
2d 61 6e 64 20 28 54 65  73 74 2d 50 61 74 68 20
24 6e 6f 64 65 50 61 74  68 29 29 20 7b 0d 0a 20
20 20 20 20 20 20 20 20  20 20 20 24 6e 6f 64 65
44 69 72 20 3d 20 53 70  6c 69 74 2d 50 61 74 68
20 2d 50 61 72 65 6e 74  20 24 6e 6f 64 65 50 61
74 68 0d 0a 20 20 20 20  20 20 20 20 20 20 20 20
24 65 6e 76 3a 50 61 74  68 20 3d 20 22 24 6e 6f
64 65 44 69 72 3b 24 65  6e 76 3a 50 61 74 68 22
0d 0a 20 20 20 20 20 20  20 20 20 20 20 20 72 65
74 75 72 6e 0d 0a 20 20  20 20 20 20 20 20 7d 0d
0a 20 20 20 20 7d 0d 0a  7d 0d 0a 0d 0a 49 6e 69
74 69 61 6c 69 7a 65 2d  4e 6f 64 65 50 61 74 68
0d 0a 0d 0a 66 75 6e 63  74 69 6f 6e 20 52 65 73
6f 6c 76 65 2d 4e 6f 64  65 43 6f 6d 6d 61 6e 64
28 5b 73 74 72 69 6e 67  5d 24 43 6f 6d 6d 61 6e
64 4e 61 6d 65 29 20 7b  0d 0a 20 20 20 20 24 63
6d 64 20 3d 20 47 65 74  2d 43 6f 6d 6d 61 6e 64
20 24 43 6f 6d 6d 61 6e  64 4e 61 6d 65 20 2d 45
72 72 6f 72 41 63 74 69  6f 6e 20 53 69 6c 65 6e
74 6c 79 43 6f 6e 74 69  6e 75 65 0d 0a 20 20 20
20 69 66 20 28 24 63 6d  64 20 2d 61 6e 64 20 24
63 6d 64 2e 53 6f 75 72  63 65 29 20 7b 0d 0a 20
20 20 20 20 20 20 20 72  65 74 75 72 6e 20 24 63
6d 64 2e 53 6f 75 72 63  65 0d 0a 20 20 20 20 7d
0d 0a 0d 0a 20 20 20 20  24 63 61 6e 64 69 64 61
74 65 73 20 3d 20 40 28  0d 0a 20 20 20 20 20 20
20 20 28 4a 6f 69 6e 2d  50 61 74 68 20 24 72 65
70 6f 52 6f 6f 74 20 22  6e 6f 64 65 5f 6d 6f 64
75 6c 65 73 5c 2e 62 69  6e 5c 24 43 6f 6d 6d 61
6e 64 4e 61 6d 65 2e 63  6d 64 22 29 2c 0d 0a 20
20 20 20 20 20 20 20 28  4a 6f 69 6e 2d 50 61 74
68 20 24 65 6e 76 3a 50  72 6f 67 72 61 6d 46 69
6c 65 73 20 22 6e 6f 64  65 6a 73 5c 24 43 6f 6d
6d 61 6e 64 4e 61 6d 65  2e 63 6d 64 22 29 2c 0d
0a 20 20 20 20 20 20 20  20 28 4a 6f 69 6e 2d 50
61 74 68 20 24 7b 65 6e  76 3a 50 72 6f 67 72 61
6d 46 69 6c 65 73 28 78  38 36 29 7d 20 22 6e 6f
64 65 6a 73 5c 24 43 6f  6d 6d 61 6e 64 4e 61 6d
65 2e 63 6d 64 22 29 0d  0a 20 20 20 20 29 0d 0a
0d 0a 20 20 20 20 66 6f  72 65 61 63 68 20 28 24
63 61 6e 64 69 64 61 74  65 20 69 6e 20 24 63 61
6e 64 69 64 61 74 65 73  29 20 7b 0d 0a 20 20 20
20 20 20 20 20 69 66 20  28 24 63 61 6e 64 69 64
61 74 65 20 2d 61 6e 64  20 28 54 65 73 74 2d 50
61 74 68 20 24 63 61 6e  64 69 64 61 74 65 29 29
20 7b 0d 0a 20 20 20 20  20 20 20 20 20 20 20 20
24 63 61 6e 64 69 64 61  74 65 44 69 72 20 3d 20
53 70 6c 69 74 2d 50 61  74 68 20 2d 50 61 72 65
6e 74 20 24 63 61 6e 64  69 64 61 74 65 0d 0a 20
20 20 20 20 20 20 20 20  20 20 20 69 66 20 28 24
65 6e 76 3a 50 61 74 68  20 2d 6e 6f 74 6c 69 6b
65 20 22 2a 24 63 61 6e  64 69 64 61 74 65 44 69
72 2a 22 29 20 7b 0d 0a  20 20 20 20 20 20 20 20
20 20 20 20 20 20 20 20  24 65 6e 76 3a 50 61 74
68 20 3d 20 22 24 63 61  6e 64 69 64 61 74 65 44
69 72 3b 24 65 6e 76 3a  50 61 74 68 22 0d 0a 20
20 20 20 20 20 20 20 20  20 20 20 7d 0d 0a 20 20
20 20 20 20 20 20 20 20  20 20 72 65 74 75 72 6e
20 24 63 61 6e 64 69 64  61 74 65 0d 0a 20 20 20
20 20 20 20 20 7d 0d 0a  20 20 20 20 7d 0d 0a 0d
0a 20 20 20 20 74 68 72  6f 77 20 22 43 6f 75 6c
64 20 6e 6f 74 20 66 69  6e 64 20 24 43 6f 6d 6d
61 6e 64 4e 61 6d 65 2e  20 49 6e 73 74 61 6c 6c
20 4e 6f 64 65 2e 6a 73  2f 6e 70 6d 20 6f 72 20
61 64 64 20 69 74 20 74  6f 20 50 41 54 48 2e 22
0d 0a 7d 0d 0a 0d 0a 24  76 69 74 65 43 6d 64 20
3d 20 52 65 73 6f 6c 76  65 2d 4e 6f 64 65 43 6f
6d 6d 61 6e 64 20 27 76  69 74 65 27 0d 0a 24 65
6c 65 63 74 72 6f 6e 43  6d 64 20 3d 20 52 65 73
6f 6c 76 65 2d 4e 6f 64  65 43 6f 6d 6d 61 6e 64
20 27 65 6c 65 63 74 72  6f 6e 27 0d 0a 0d 0a 24
70 6f 77 65 72 73 68 65  6c 6c 48 6f 73 74 20 3d
20 69 66 20 28 47 65 74  2d 43 6f 6d 6d 61 6e 64
20 70 77 73 68 20 2d 45  72 72 6f 72 41 63 74 69
6f 6e 20 53 69 6c 65 6e  74 6c 79 43 6f 6e 74 69
6e 75 65 29 20 7b 20 27  70 77 73 68 27 20 7d 20
65 6c 73 65 20 7b 20 27  70 6f 77 65 72 73 68 65
6c 6c 27 20 7d 0d 0a 26  20 24 70 6f 77 65 72 73
68 65 6c 6c 48 6f 73 74  20 2d 4e 6f 50 72 6f 66
69 6c 65 20 2d 45 78 65  63 75 74 69 6f 6e 50 6f
6c 69 63 79 20 42 79 70  61 73 73 20 2d 46 69 6c
65 20 28 4a 6f 69 6e 2d  50 61 74 68 20 24 50 53
53 63 72 69 70 74 52 6f  6f 74 20 27 70 72 65 70
61 72 65 2d 64 65 73 6b  74 6f 70 2d 64 65 76 2e
70 73 31 27 29 0d 0a 69  66 20 28 24 4c 41 53 54
45 58 49 54 43 4f 44 45  20 2d 6e 65 20 30 29 20
7b 0d 0a 20 20 20 20 65  78 69 74 20 24 4c 41 53
54 45 58 49 54 43 4f 44  45 0d 0a 7d 0d 0a 0d 0a
23 20 2d 2d 2d 20 4c 6f  67 20 70 61 74 68 73 20
2d 2d 2d 0d 0a 24 72 65  6c 65 61 73 65 44 69 72
20 3d 20 4a 6f 69 6e 2d  50 61 74 68 20 24 72 65
70 6f 52 6f 6f 74 20 27  72 65 6c 65 61 73 65 27
0d 0a 69 66 20 28 2d 6e  6f 74 20 28 54 65 73 74
2d 50 61 74 68 20 24 72  65 6c 65 61 73 65 44 69
72 29 29 20 7b 0d 0a 20  20 20 20 4e 65 77 2d 49
74 65 6d 20 2d 49 74 65  6d 54 79 70 65 20 44 69
72 65 63 74 6f 72 79 20  2d 50 61 74 68 20 24 72
65 6c 65 61 73 65 44 69  72 20 2d 46 6f 72 63 65
20 7c 20 4f 75 74 2d 4e  75 6c 6c 0d 0a 7d 0d 0a
24 76 69 74 65 4f 75 74  4c 6f 67 20 3d 20 4a 6f
69 6e 2d 50 61 74 68 20  24 72 65 6c 65 61 73 65
44 69 72 20 27 64 65 73  6b 74 6f 70 2d 64 65 76
2d 76 69 74 65 2e 6f 75  74 2e 6c 6f 67 27 0d 0a
24 76 69 74 65 45 72 72  4c 6f 67 20 3d 20 4a 6f
69 6e 2d 50 61 74 68 20  24 72 65 6c 65 61 73 65
44 69 72 20 27 64 65 73  6b 74 6f 70 2d 64 65 76
2d 76 69 74 65 2e 65 72  72 2e 6c 6f 67 27 0d 0a
66 6f 72 65 61 63 68 20  28 24 6c 6f 67 50 61 74
68 20 69 6e 20 40 28 24  76 69 74 65 4f 75 74 4c
6f 67 2c 20 24 76 69 74  65 45 72 72 4c 6f 67 29
29 20 7b 0d 0a 20 20 20  20 69 66 20 28 54 65 73
74 2d 50 61 74 68 20 24  6c 6f 67 50 61 74 68 29
20 7b 20 52 65 6d 6f 76  65 2d 49 74 65 6d 20 24
6c 6f 67 50 61 74 68 20  2d 46 6f 72 63 65 20 2d
45 72 72 6f 72 41 63 74  69 6f 6e 20 53 69 6c 65
6e 74 6c 79 43 6f 6e 74  69 6e 75 65 20 7d 0d 0a
7d 0d 0a 0d 0a 23 20 2d  2d 2d 20 48 65 6c 70 65
72 3a 20 64 75 6d 70 20  56 69 74 65 20 6c 6f 67
73 20 74 6f 20 63 6f 6e  73 6f 6c 65 20 2d 2d 2d
0d 0a 66 75 6e 63 74 69  6f 6e 20 53 68 6f 77 2d
56 69 74 65 4c 6f 67 73  20 7b 0d 0a 20 20 20 20
66 6f 72 65 61 63 68 20  28 24 6c 6f 67 50 61 74
68 20 69 6e 20 40 28 24  76 69 74 65 4f 75 74 4c
6f 67 2c 20 24 76 69 74  65 45 72 72 4c 6f 67 29
29 20 7b 0d 0a 20 20 20  20 20 20 20 20 69 66 20
28 54 65 73 74 2d 50 61  74 68 20 24 6c 6f 67 50
61 74 68 29 20 7b 20 47  65 74 2d 43 6f 6e 74 65
6e 74 20 24 6c 6f 67 50  61 74 68 20 7c 20 57 72
69 74 65 2d 4f 75 74 70  75 74 20 7d 0d 0a 20 20
20 20 7d 0d 0a 7d 0d 0a  0d 0a 23 20 2d 2d 2d 20
4b 69 6c 6c 20 61 6e 79  20 73 74 61 6c 65 20 70
72 6f 63 65 73 73 20 68  6f 6c 64 69 6e 67 20 70
6f 72 74 20 35 31 37 33  20 66 72 6f 6d 20 61 20
70 72 65 76 69 6f 75 73  20 73 65 73 73 69 6f 6e
20 2d 2d 2d 0d 0a 47 65  74 2d 4e 65 74 54 43 50
43 6f 6e 6e 65 63 74 69  6f 6e 20 2d 4c 6f 63 61
6c 50 6f 72 74 20 35 31  37 33 20 2d 53 74 61 74
65 20 4c 69 73 74 65 6e  20 2d 45 72 72 6f 72 41
63 74 69 6f 6e 20 53 69  6c 65 6e 74 6c 79 43 6f
6e 74 69 6e 75 65 20 7c  0d 0a 20 20 20 20 53 65
6c 65 63 74 2d 4f 62 6a  65 63 74 20 2d 45 78 70
61 6e 64 50 72 6f 70 65  72 74 79 20 4f 77 6e 69
6e 67 50 72 6f 63 65 73  73 20 2d 55 6e 69 71 75
65 20 7c 0d 0a 20 20 20  20 46 6f 72 45 61 63 68
2d 4f 62 6a 65 63 74 20  7b 20 53 74 6f 70 2d 50
72 6f 63 65 73 73 20 2d  49 64 20 24 5f 20 2d 46
6f 72 63 65 20 2d 45 72  72 6f 72 41 63 74 69 6f
6e 20 53 69 6c 65 6e 74  6c 79 43 6f 6e 74 69 6e
75 65 20 7d 0d 0a 53 74  61 72 74 2d 53 6c 65 65
70 20 2d 4d 69 6c 6c 69  73 65 63 6f 6e 64 73 20
34 30 30 0d 0a 0d 0a 23  20 2d 2d 2d 20 53 74 61
72 74 20 56 69 74 65 20  64 65 76 20 73 65 72 76
65 72 20 28 75 73 69 6e  67 20 73 70 6c 61 74 74
69 6e 67 20 74 6f 20 61  76 6f 69 64 20 50 41 54
48 2f 63 6d 64 20 6c 6f  6f 6b 75 70 20 69 73 73
75 65 73 29 20 2d 2d 2d  0d 0a 24 73 74 61 72 74
50 61 72 61 6d 73 20 3d  20 40 7b 0d 0a 20 20 20
20 46 69 6c 65 50 61 74  68 20 20 20 20 20 20 20
20 20 20 20 20 20 20 20  3d 20 24 76 69 74 65 43
6d 64 0d 0a 20 20 20 20  41 72 67 75 6d 65 6e 74
4c 69 73 74 20 20 20 20  20 20 20 20 20 20 20 3d
20 40 28 27 2d 2d 68 6f  73 74 27 2c 20 27 31 32
37 2e 30 2e 30 2e 31 27  2c 20 27 2d 2d 70 6f 72
74 27 2c 20 27 35 31 37  33 27 2c 20 27 2d 2d 73
74 72 69 63 74 50 6f 72  74 27 2c 20 27 2d 2d 66
6f 72 63 65 27 29 0d 0a  20 20 20 20 57 6f 72 6b
69 6e 67 44 69 72 65 63  74 6f 72 79 20 20 20 20
20 20 20 3d 20 24 72 65  70 6f 52 6f 6f 74 0d 0a
20 20 20 20 52 65 64 69  72 65 63 74 53 74 61 6e
64 61 72 64 4f 75 74 70  75 74 20 3d 20 24 76 69
74 65 4f 75 74 4c 6f 67  0d 0a 20 20 20 20 52 65
64 69 72 65 63 74 53 74  61 6e 64 61 72 64 45 72
72 6f 72 20 20 3d 20 24  76 69 74 65 45 72 72 4c
6f 67 0d 0a 20 20 20 20  50 61 73 73 54 68 72 75
20 20 20 20 20 20 20 20  20 20 20 20 20 20 20 3d
20 24 74 72 75 65 0d 0a  7d 0d 0a 24 76 69 74 65
50 72 6f 63 65 73 73 20  3d 20 53 74 61 72 74 2d
50 72 6f 63 65 73 73 20  40 73 74 61 72 74 50 61
72 61 6d 73 0d 0a 0d 0a  23 20 44 65 66 61 75 6c
74 20 65 78 69 74 20 63  6f 64 65 20 2d 20 6f 76
65 72 77 72 69 74 74 65  6e 20 61 66 74 65 72 20
45 6c 65 63 74 72 6f 6e  20 72 75 6e 73 20 73 75
63 63 65 73 73 66 75 6c  6c 79 0d 0a 24 65 6c 65
63 74 72 6f 6e 45 78 69  74 20 3d 20 31 0d 0a 0d
0a 74 72 79 20 7b 0d 0a  20 20 20 20 23 20 2d 2d
2d 20 57 61 69 74 20 66  6f 72 20 56 69 74 65 20
74 6f 20 73 74 61 72 74  20 6c 69 73 74 65 6e 69
6e 67 20 28 36 30 20 73  20 74 69 6d 65 6f 75 74
29 20 2d 2d 2d 0d 0a 20  20 20 20 24 64 65 61 64
6c 69 6e 65 20 3d 20 28  47 65 74 2d 44 61 74 65
29 2e 41 64 64 53 65 63  6f 6e 64 73 28 36 30 29
0d 0a 20 20 20 20 64 6f  20 7b 0d 0a 20 20 20 20
20 20 20 20 53 74 61 72  74 2d 53 6c 65 65 70 20
2d 4d 69 6c 6c 69 73 65  63 6f 6e 64 73 20 35 30
30 0d 0a 0d 0a 20 20 20  20 20 20 20 20 69 66 20
28 24 76 69 74 65 50 72  6f 63 65 73 73 2e 48 61
73 45 78 69 74 65 64 29  20 7b 0d 0a 20 20 20 20
20 20 20 20 20 20 20 20  53 68 6f 77 2d 56 69 74
65 4c 6f 67 73 0d 0a 20  20 20 20 20 20 20 20 20
20 20 20 74 68 72 6f 77  20 22 56 69 74 65 20 64
65 76 20 73 65 72 76 65  72 20 65 78 69 74 65 64
20 62 65 66 6f 72 65 20  62 65 63 6f 6d 69 6e 67
20 72 65 61 64 79 20 28  65 78 69 74 20 63 6f 64
65 20 24 28 24 76 69 74  65 50 72 6f 63 65 73 73
2e 45 78 69 74 43 6f 64  65 29 29 2e 22 0d 0a 20
20 20 20 20 20 20 20 7d  0d 0a 0d 0a 20 20 20 20
20 20 20 20 24 6c 69 73  74 65 6e 69 6e 67 20 3d
20 47 65 74 2d 4e 65 74  54 43 50 43 6f 6e 6e 65
63 74 69 6f 6e 20 2d 4c  6f 63 61 6c 50 6f 72 74
20 35 31 37 33 20 2d 53  74 61 74 65 20 4c 69 73
74 65 6e 20 2d 45 72 72  6f 72 41 63 74 69 6f 6e
20 53 69 6c 65 6e 74 6c  79 43 6f 6e 74 69 6e 75
65 0d 0a 20 20 20 20 20  20 20 20 69 66 20 28 24
6c 69 73 74 65 6e 69 6e  67 29 20 7b 20 62 72 65
61 6b 20 7d 0d 0a 0d 0a  20 20 20 20 7d 20 77 68
69 6c 65 20 28 28 47 65  74 2d 44 61 74 65 29 20
2d 6c 74 20 24 64 65 61  64 6c 69 6e 65 29 0d 0a
0d 0a 20 20 20 20 23 20  46 69 6e 61 6c 20 63 68
65 63 6b 20 61 66 74 65  72 20 6c 6f 6f 70 20 2d
20 63 6f 76 65 72 73 20  74 68 65 20 63 61 73 65
20 77 68 65 72 65 20 74  68 65 20 64 65 61 64 6c
69 6e 65 20 77 61 73 20  72 65 61 63 68 65 64 0d
0a 20 20 20 20 24 6c 69  73 74 65 6e 69 6e 67 20
3d 20 47 65 74 2d 4e 65  74 54 43 50 43 6f 6e 6e
65 63 74 69 6f 6e 20 2d  4c 6f 63 61 6c 50 6f 72
74 20 35 31 37 33 20 2d  53 74 61 74 65 20 4c 69
73 74 65 6e 20 2d 45 72  72 6f 72 41 63 74 69 6f
6e 20 53 69 6c 65 6e 74  6c 79 43 6f 6e 74 69 6e
75 65 0d 0a 20 20 20 20  69 66 20 28 2d 6e 6f 74
20 24 6c 69 73 74 65 6e  69 6e 67 29 20 7b 0d 0a
20 20 20 20 20 20 20 20  53 68 6f 77 2d 56 69 74
65 4c 6f 67 73 0d 0a 20  20 20 20 20 20 20 20 74
68 72 6f 77 20 22 54 69  6d 65 64 20 6f 75 74 20
77 61 69 74 69 6e 67 20  66 6f 72 20 56 69 74 65
20 64 65 76 20 73 65 72  76 65 72 20 6f 6e 20 70
6f 72 74 20 35 31 37 33  2e 22 0d 0a 20 20 20 20
7d 0d 0a 0d 0a 20 20 20  20 57 72 69 74 65 2d 48
6f 73 74 20 22 5b 46 6c  75 78 41 75 72 61 20 53
74 75 64 69 6f 5d 20 56  69 74 65 20 72 65 61 64
79 20 61 74 20 68 74 74  70 3a 2f 2f 31 32 37 2e
30 2e 30 2e 31 3a 35 31  37 33 20 2d 20 6c 61 75
6e 63 68 69 6e 67 20 45  6c 65 63 74 72 6f 6e 2e
2e 2e 22 0d 0a 0d 0a 20  20 20 20 23 20 2d 2d 2d
20 4c 61 75 6e 63 68 20  45 6c 65 63 74 72 6f 6e
2c 20 70 61 73 73 69 6e  67 20 74 68 65 20 56 69
74 65 20 55 52 4c 20 76  69 61 20 65 6e 76 69 72
6f 6e 6d 65 6e 74 20 76  61 72 69 61 62 6c 65 20
2d 2d 2d 0d 0a 20 20 20  20 23 20 56 53 20 43 6f
64 65 20 73 65 74 73 20  45 4c 45 43 54 52 4f 4e
5f 52 55 4e 5f 41 53 5f  4e 4f 44 45 3d 31 20 69
6e 20 69 74 73 20 74 65  72 6d 69 6e 61 6c 20 2d
20 6d 75 73 74 20 63 6c  65 61 72 20 62 65 66 6f
72 65 20 6c 61 75 6e 63  68 69 6e 67 0d 0a 20 20
20 20 23 20 6f 72 20 45  6c 65 63 74 72 6f 6e 20
72 75 6e 73 20 61 73 20  70 6c 61 69 6e 20 4e 6f
64 65 2e 6a 73 20 61 6e  64 20 61 6c 6c 20 45 6c
65 63 74 72 6f 6e 20 41  50 49 73 20 61 72 65 20
75 6e 61 76 61 69 6c 61  62 6c 65 2e 0d 0a 20 20
20 20 24 65 6e 76 3a 45  4c 45 43 54 52 4f 4e 5f
52 55 4e 5f 41 53 5f 4e  4f 44 45 20 3d 20 24 6e
75 6c 6c 0d 0a 0d 0a 20  20 20 20 24 65 6e 76 3a
46 4c 55 58 41 55 52 41  5f 53 54 55 44 49 4f 5f
44 45 56 5f 55 52 4c 20  3d 20 27 68 74 74 70 3a
2f 2f 31 32 37 2e 30 2e  30 2e 31 3a 35 31 37 33
27 0d 0a 20 20 20 20 26  20 24 65 6c 65 63 74 72
6f 6e 43 6d 64 20 2e 0d  0a 20 20 20 20 24 65 6c
65 63 74 72 6f 6e 45 78  69 74 20 3d 20 24 4c 41
53 54 45 58 49 54 43 4f  44 45 0d 0a 7d 0d 0a 66
69 6e 61 6c 6c 79 20 7b  0d 0a 20 20 20 20 23 20
2d 2d 2d 20 43 6c 65 61  6e 20 75 70 3a 20 73 74
6f 70 20 56 69 74 65 20  70 72 6f 63 65 73 73 20
61 6e 64 20 66 72 65 65  20 70 6f 72 74 20 35 31
37 33 20 2d 2d 2d 0d 0a  20 20 20 20 69 66 20 28
24 6e 75 6c 6c 20 2d 6e  65 20 24 76 69 74 65 50
72 6f 63 65 73 73 20 2d  61 6e 64 20 2d 6e 6f 74
20 24 76 69 74 65 50 72  6f 63 65 73 73 2e 48 61
73 45 78 69 74 65 64 29  20 7b 0d 0a 20 20 20 20
20 20 20 20 24 70 61 72  65 6e 74 49 64 20 3d 20
24 76 69 74 65 50 72 6f  63 65 73 73 2e 49 64 0d
0a 20 20 20 20 20 20 20  20 23 20 4b 69 6c 6c 20
63 68 69 6c 64 20 70 72  6f 63 65 73 73 65 73 20
73 70 61 77 6e 65 64 20  62 79 20 74 68 65 20 63
6d 64 2e 65 78 65 20 77  72 61 70 70 65 72 20 66
69 72 73 74 0d 0a 20 20  20 20 20 20 20 20 47 65
74 2d 43 69 6d 49 6e 73  74 61 6e 63 65 20 2d 43
6c 61 73 73 4e 61 6d 65  20 57 69 6e 33 32 5f 50
72 6f 63 65 73 73 20 2d  46 69 6c 74 65 72 20 22
50 61 72 65 6e 74 50 72  6f 63 65 73 73 49 64 3d
24 70 61 72 65 6e 74 49  64 22 20 2d 45 72 72 6f
72 41 63 74 69 6f 6e 20  53 69 6c 65 6e 74 6c 79
43 6f 6e 74 69 6e 75 65  20 7c 0d 0a 20 20 20 20
20 20 20 20 20 20 20 20  46 6f 72 45 61 63 68 2d
4f 62 6a 65 63 74 20 7b  20 53 74 6f 70 2d 50 72
6f 63 65 73 73 20 2d 49  64 20 24 5f 2e 50 72 6f
63 65 73 73 49 64 20 2d  46 6f 72 63 65 20 2d 45
72 72 6f 72 41 63 74 69  6f 6e 20 53 69 6c 65 6e
74 6c 79 43 6f 6e 74 69  6e 75 65 20 7d 0d 0a 20
20 20 20 20 20 20 20 53  74 6f 70 2d 50 72 6f 63
65 73 73 20 2d 49 64 20  24 76 69 74 65 50 72 6f
63 65 73 73 2e 49 64 20  2d 46 6f 72 63 65 20 2d
45 72 72 6f 72 41 63 74  69 6f 6e 20 53 69 6c 65
6e 74 6c 79 43 6f 6e 74  69 6e 75 65 0d 0a 20 20
20 20 7d 0d 0a 20 20 20  20 23 20 42 65 6c 74 2d
61 6e 64 2d 62 72 61 63  65 73 3a 20 65 6e 73 75
72 65 20 70 6f 72 74 20  35 31 37 33 20 69 73 20
66 72 65 65 20 66 6f 72  20 74 68 65 20 6e 65 78
74 20 72 75 6e 0d 0a 20  20 20 20 47 65 74 2d 4e
65 74 54 43 50 43 6f 6e  6e 65 63 74 69 6f 6e 20
2d 4c 6f 63 61 6c 50 6f  72 74 20 35 31 37 33 20
2d 53 74 61 74 65 20 4c  69 73 74 65 6e 20 2d 45
72 72 6f 72 41 63 74 69  6f 6e 20 53 69 6c 65 6e
74 6c 79 43 6f 6e 74 69  6e 75 65 20 7c 0d 0a 20
20 20 20 20 20 20 20 53  65 6c 65 63 74 2d 4f 62
6a 65 63 74 20 2d 45 78  70 61 6e 64 50 72 6f 70
65 72 74 79 20 4f 77 6e  69 6e 67 50 72 6f 63 65
73 73 20 2d 55 6e 69 71  75 65 20 7c 0d 0a 20 20
20 20 20 20 20 20 46 6f  72 45 61 63 68 2d 4f 62
6a 65 63 74 20 7b 20 53  74 6f 70 2d 50 72 6f 63
65 73 73 20 2d 49 64 20  24 5f 20 2d 46 6f 72 63
65 20 2d 45 72 72 6f 72  41 63 74 69 6f 6e 20 53
69 6c 65 6e 74 6c 79 43  6f 6e 74 69 6e 75 65 20
7d 0d 0a 7d 0d 0a 0d 0a  65 78 69 74 20 24 65 6c
65 63 74 72 6f 6e 45 78  69 74 0d 0a
